3.783406972885132
3.7784626483917236
3.7740297317504883
3.7691903114318848
3.764845609664917
3.7607736587524414
3.756834030151367
3.7532103061676025
3.749425172805786
3.7457804679870605
3.7424638271331787
3.739384889602661
3.736215353012085
3.733318328857422
3.730659008026123
3.727795124053955
3.725342035293579
3.7227044105529785
3.720062494277954
3.7176218032836914
3.7154412269592285
3.713291883468628
3.7113723754882812
3.709301710128784
3.707443952560425
3.7055678367614746
3.7038590908050537
3.7021214962005615
3.7005248069763184
3.698920249938965
3.6971471309661865
3.6956429481506348
3.6939785480499268
3.692596197128296
3.6912901401519775
3.68992280960083
3.688551664352417
3.6869750022888184
3.685723304748535
3.684360980987549
3.6830801963806152
3.6818318367004395
3.680504560470581
3.6791200637817383
3.678067207336426
3.6765544414520264
3.675273895263672
3.674030303955078
3.672884464263916
3.6715245246887207
3.670541763305664
3.6691086292266846
3.667727470397949
3.666375160217285
3.664954662322998
3.663867473602295
3.6627273559570312
3.6612749099731445
3.660115957260132
3.658689498901367
3.657485246658325
3.6560850143432617
3.6550769805908203
3.6535887718200684
3.6524877548217773
3.650911808013916
3.649717330932617
3.6484591960906982
3.646958827972412
3.6455864906311035
3.644029140472412
3.642803907394409
3.6414387226104736
3.6398448944091797
3.6384706497192383
3.6369788646698
3.63557767868042
3.634218215942383
3.632716655731201
3.6310949325561523
3.6297380924224854
3.6281626224517822
3.62654972076416
3.625087261199951
3.6234538555145264
3.621703863143921
3.620318651199341
3.618595838546753
3.617074966430664
3.615428924560547
3.6133646965026855
3.611945390701294
3.610262870788574
3.6085336208343506
3.6066527366638184
3.604907512664795
3.6031012535095215
3.601292133331299
3.599290132522583
3.5978827476501465
