3.7799782752990723
3.7794792652130127
3.7787301540374756
3.7780182361602783
3.776792526245117
3.7759218215942383
3.7751688957214355
3.7744147777557373
3.7736001014709473
3.7729337215423584
3.7722785472869873
3.7715067863464355
3.770779609680176
3.7698912620544434
3.7688591480255127
3.7679548263549805
3.7672641277313232
3.7666919231414795
3.7659707069396973
3.7651994228363037
3.764256477355957
3.7634427547454834
3.762603759765625
3.761915445327759
3.7611451148986816
3.7606325149536133
3.7600433826446533
3.7590363025665283
3.758455753326416
3.7577505111694336
3.7569730281829834
3.756273031234741
3.7556819915771484
3.7550642490386963
3.754434108734131
3.753995895385742
3.7532901763916016
3.7527384757995605
3.752098798751831
3.751432418823242
3.7506532669067383
3.7499799728393555
3.7493224143981934
3.7487194538116455
3.748162031173706
3.747553586959839
3.7469918727874756
3.7463643550872803
3.746004581451416
3.7453789710998535
3.7446556091308594
3.7441985607147217
3.743546485900879
3.743013858795166
3.7423946857452393
3.742017984390259
3.741137981414795
3.740663528442383
3.7400450706481934
3.7393693923950195
3.7387495040893555
3.7384488582611084
3.737830400466919
3.7373433113098145
3.7368242740631104
3.7361960411071777
3.7355527877807617
3.735093355178833
3.7344048023223877
3.7338762283325195
3.733515501022339
3.7327980995178223
3.732337236404419
3.7317614555358887
3.73095703125
3.730414628982544
3.730058431625366
3.72929048538208
3.728954315185547
3.7284364700317383
3.727849006652832
3.727678060531616
3.727050542831421
3.7269554138183594
3.7263851165771484
3.725942611694336
3.7254798412323
3.724867582321167
3.7243330478668213a
3.724072217941284
3.723275899887085
3.722993850708008
3.7225606441497803
3.722099542617798
3.7216877937316895
3.721334457397461
3.720637798309326
3.7203400135040283
3.719823122024536
3.7194182872772217
